184
504
475
195
544
464
060
595
370
497
117
486
261
130
113
223
116
258
553
056
021
291
218
027
100
297
080
169
362
521
271
447
434
465
019
023
226
190
236
228
479
224
478
489
491
082
380
017
194
112
118
460
214
535
590
547
410
205
565
366
574
038
064
249
192
052
548
225
230
510
469
582
256
444
313
196
124
091
562
174
500
365
206
274
591
185
257
363
234
090
199
417
549
245
197
542
498
120
508
301
057
382
133
361
070
585
167
487
406
108
043
263
448
087
284
180
272
073
026
558
288
098
096
049
094
220
144
295
383
428
270
572
552
037
170
427
368
402
424
425
242
186
412
203
215
030
075
097
583
058
207
602
280
577
522
089
123
379
121
267
238
323
449
369
273
254
061
269
525
566
264
441
608
537
606
137
036
233
142
413
532
247
364
604
507
253
550
293
045
289
244
127
277
042
575
212
554
581
512
518
129
357
114
564
213
255
437
068
128
252
259
246
083
145
188
187
373
471
488
404
148
322
456
081
171
459
442
266
024
034
285
587
468
509
035
409
436
287
420
182
529
571
109
596
527
540
048
139
172
276
445
119
578
216
407
201
126
523
499
501
107
290
086
085
526
300
062
520
147
047
146
198
533
416
025
306
210
001
372
377
105
237
435
579
454
193
074
359
115
328
452
011
514
103
268
534
609
560
506
541
079
020
385
168
371
286
431
241
243
050
426
561
563
101
076
041
065
321
360
092
